ne = 11
es = 0.0731475929102994
ep = 0.3883050070474485
edd = -0.0031512225452516598
edt = -0.0031512225452516598
sss = -0.04300258850453865
sps = 0.03549438655423542
pps = 0.06160032951102255
ppp = 0.004558821049350397
sds = -0.022925189275817867
pds = -0.030119862180351877
pdp = 0.007497609399961758
dds = -0.025215702186548873
ddp = 0.014160500384263171
ddd = -0.0019069822812159065
Ssss = 0.1066464722283674
Ssps = -2.5486530408298211E-002
Spps = -3.7515334367475779E-002
Sppp = 1.8544540540832354E-002
Ssds = 1.1315144159208514E-002
Spds = 6.2270566775070932E-002
Spdp = -6.3206070557591332E-003
Sdds = 2.3016521466533528E-002
Sddp = -2.8039277820256419E-002
Sddd = 8.4245392138668880E-004