ne = 11
es = 0.25517
ep = 0.640195
edd = 0.12771
edt = 0.137645
sss = -0.034655
sps = 0.042715
pps = 0.08583
ppp = -0.00542
sds = -0.02641
pds = -0.046525
pdp = 0.00504
dds = -0.02436
ddp = 0.01247
ddd = -0.00231
Ssss = 0.0
Ssps = 0.0
Spps = 0.0
Sppp = 0.0
Ssds = 0.0
Spds = 0.0
Spdp = 0.0
Sdds = 0.0
Sddp = 0.0
Sddd = 0.0
